TPAR
20160101.000000         2.48246         8.00583         294.678
20160101.060000          2.2926         7.59001          300.66
20160101.120000         1.99067         7.01947         303.954
20160101.180000         1.52075         6.61378         303.924
20160102.000000         1.20026         6.17499         300.676
20160102.060000        0.963093         5.81929          296.58
20160102.120000        0.942461         5.38514         271.911
20160102.180000         1.01454         5.71659         258.992
20160103.000000        0.985694         5.83475         262.514
20160103.060000        0.857698         6.03583         261.523
20160103.120000        0.787289         5.62508         259.343
20160103.180000         1.45448         4.80948         219.416
20160104.000000         2.09921         6.16465         232.668
20160104.060000         2.84191         7.59166         244.892
20160104.120000         2.45842          7.4879         249.093
20160104.180000         2.19342         7.04516         247.868
20160105.000000         1.89085         6.83501         246.268
