TPAR
20160101.000000         1.73621         6.78571         308.978
20160101.060000           1.795          6.4743         313.049
20160101.120000         1.55226         6.05795         312.149
20160101.180000         1.17462         5.56965         306.255
20160102.000000        0.954213         5.13352         298.683
20160102.060000        0.737079         5.00188         293.154
20160102.120000        0.647475         4.93004         279.431
20160102.180000        0.819105         4.78326         297.615
20160103.000000         0.83553         5.16358         293.097
20160103.060000        0.733473         5.60967         249.691
20160103.120000        0.699288          5.2107         227.863
20160103.180000         1.42427         4.65444         208.221
20160104.000000         2.21455         6.08673         225.604
20160104.060000         2.71258         7.47532         235.616
20160104.120000         2.17492         7.30045         237.175
20160104.180000          1.9424         6.68147         237.186
20160105.000000         1.77384         6.30866         232.709
