TPAR
20160101.000000          1.9224         7.16513         303.004
20160101.060000         1.92614         6.76434         308.511
20160101.120000         1.66788         6.30743         309.247
20160101.180000         1.25714         5.83101         305.028
20160102.000000         1.02556         5.35193          298.31
20160102.060000        0.794834         5.21922         293.077
20160102.120000        0.714912         5.11759         277.558
20160102.180000        0.900497          4.9812         292.671
20160103.000000        0.902466         5.33866         284.119
20160103.060000        0.784218         5.77345         254.012
20160103.120000         0.73808         5.37725          240.95
20160103.180000         1.54215         4.80229         212.742
20160104.000000         2.30549         6.24054         228.909
20160104.060000         2.84098         7.57498         239.111
20160104.120000         2.33397           7.378         241.499
20160104.180000         2.07243         6.83651          240.87
20160105.000000         1.86898         6.49088         236.456
