TPAR
20160101.000000         2.04168         7.43561         298.878
20160101.060000          2.0073         6.96863          305.31
20160101.120000          1.7455         6.48043         307.191
20160101.180000          1.3146         6.01675         304.163
20160102.000000          1.0732         5.51369         298.076
20160102.060000         0.83513         5.37219         293.036
20160102.120000        0.758946         5.24832         276.661
20160102.180000          0.9463         5.12153         287.977
20160103.000000        0.942061         5.45501         277.825
20160103.060000        0.816067         5.88239         256.911
20160103.120000        0.764421         5.47979         248.582
20160103.180000         1.61506         4.89438         215.485
20160104.000000         2.36354         6.33221         230.685
20160104.060000         2.93626         7.64059         241.222
20160104.120000         2.44534         7.43215          244.28
20160104.180000         2.16487         6.94331         243.248
20160105.000000         1.93802         6.61314         238.842
