TPAR
20160101.000000         1.83757         7.34565         299.908
20160101.060000         1.84108         6.88032         305.678
20160101.120000         1.67302         6.36259         307.572
20160101.180000         1.28118         5.96314         304.629
20160102.000000         1.01955         5.54385         298.653
20160102.060000        0.812562         5.30103         293.418
20160102.120000        0.691743         5.17749         282.648
20160102.180000        0.774637         5.10389         273.913
20160103.000000        0.825749         5.33488         274.066
20160103.060000        0.748663         5.77665         254.042
20160103.120000        0.743489         5.18917         240.266
20160103.180000         1.46496         4.70065         208.731
20160104.000000          2.2251         6.06317         223.089
20160104.060000         2.91873         7.53666         235.794
20160104.120000         2.37309          7.3982         239.852
20160104.180000         2.12655         6.85734         239.616
20160105.000000         1.92143         6.47681         234.688
