TPAR
20160101.000000         2.76289         8.10677          296.02
20160101.060000          2.4888         7.77085         301.431
20160101.120000         2.09169         7.21949         304.248
20160101.180000         1.59577         6.76514          304.24
20160102.000000         1.26262         6.31447         301.656
20160102.060000         1.00703         5.94795         297.857
20160102.120000         1.05206         5.38732         265.147
20160102.180000         1.15185         5.87019         260.041
20160103.000000         1.06815         5.99437         262.704
20160103.060000        0.905872         6.07666         263.681
20160103.120000        0.788959          5.8704         265.067
20160103.180000         1.42787          4.8453         224.624
20160104.000000         2.05941          6.2334         238.273
20160104.060000         2.74567         7.60046         249.386
20160104.120000         2.42941         7.49077         252.645
20160104.180000         2.15636           7.066         250.899
20160105.000000         1.82341         6.93995         251.168
