TPAR
20160101.000000          1.9899         7.72176         293.753
20160101.060000         1.95265         7.17121         300.786
20160101.120000         1.78793         6.59784         304.393
20160101.180000         1.36221         6.23596         303.487
20160102.000000         1.08358         5.78497         298.469
20160102.060000        0.869115         5.51571         293.571
20160102.120000        0.745792         5.36499         282.179
20160102.180000        0.818971           5.336         266.075
20160103.000000        0.868982         5.51006         266.547
20160103.060000        0.785186          5.9456         257.735
20160103.120000        0.782782         5.25765         249.263
20160103.180000         1.56518         4.81518         211.751
20160104.000000         2.26266         6.15442         224.972
20160104.060000         3.02282         7.60632         238.062
20160104.120000         2.51518         7.47031         243.201
20160104.180000         2.25017         6.99693         242.641
20160105.000000         2.00973         6.63675         237.612
