TPAR
20160101.000000         2.15753          7.6149         296.797
20160101.060000         2.08502         7.12857         303.551
20160101.120000         1.81003         6.62076         306.019
20160101.180000         1.36441         6.16326         303.778
20160102.000000         1.11092         5.65322         298.269
20160102.060000        0.868013         5.48922         293.404
20160102.120000        0.803982          5.3207         275.271
20160102.180000         0.98476         5.24811         283.505
20160103.000000        0.970838          5.5527         273.882
20160103.060000        0.838168         5.94816         258.811
20160103.120000        0.778643         5.55819          253.15
20160103.180000         1.63409         4.93372         217.511
20160104.000000         2.36638         6.36728         232.149
20160104.060000          2.9647         7.66718         242.869
20160104.120000         2.49555         7.46135          246.24
20160104.180000         2.20674         7.00194         244.964
20160105.000000         1.96033         6.69586         240.945
