TPAR
20160101.000000         2.49458         7.87952          296.49
20160101.060000         2.30789          7.4751         302.505
20160101.120000         1.96426           6.944         305.129
20160101.180000          1.4911         6.48507         304.069
20160102.000000         1.19438         6.00524         300.122
20160102.060000        0.944264         5.73247         295.735
20160102.120000        0.941994         5.36243           269.6
20160102.180000         1.07804         5.58676         270.355
20160103.000000         1.02489         5.78976          267.92
20160103.060000        0.875325         6.01595         261.586
20160103.120000        0.785053         5.72112         259.626
20160103.180000         1.52943         4.89353           221.5
20160104.000000         2.20924         6.30269         235.608
20160104.060000         2.84953         7.63009         246.452
20160104.120000         2.46266         7.47399         249.724
20160104.180000         2.18043         7.03338         248.167
20160105.000000         1.88708          6.8251         246.484
