TPAR
20160101.000000         1.80315         6.89465         307.248
20160101.060000         1.84495         6.56006         311.764
20160101.120000         1.59026         6.13448         311.314
20160101.180000         1.19969         5.64528         305.892
20160102.000000        0.977882         5.19023         298.543
20160102.060000        0.754539         5.06626         293.119
20160102.120000        0.670877         4.98685         278.453
20160102.180000        0.854693         4.84082         297.505
20160103.000000        0.862872         5.22232         291.158
20160103.060000        0.752402         5.66446         251.075
20160103.120000         0.71174         5.27476         232.072
20160103.180000         1.46924         4.71024         209.972
20160104.000000         2.24743         6.14893         227.128
20160104.060000         2.74567         7.50932         236.983
20160104.120000          2.2226         7.32385         238.685
20160104.180000         1.97999          6.7297         238.474
20160105.000000         1.79991         6.36862         234.051
