TPAR
20160101.000000         2.97502          8.2899         295.603
20160101.060000         2.63256         8.00882         300.534
20160101.120000         2.19342          7.4411         303.515
20160101.180000         1.67929          6.9916          304.36
20160102.000000         1.31694         6.56501         302.883
20160102.060000         1.05707         6.12287         299.589
20160102.120000         1.13913         5.40528         261.644
20160102.180000         1.21011         6.09718         251.909
20160103.000000         1.10241         6.15943         258.481
20160103.060000        0.930209         6.12606         265.312
20160103.120000        0.791796          5.9925         269.424
20160103.180000         1.34378         4.80378         227.081
20160104.000000         1.93575         6.17488         240.363
20160104.060000           2.661         7.57701         251.722
20160104.120000         2.40167         7.50548         254.984
20160104.180000         2.13666         7.09339         253.095
20160105.000000         1.77197         7.03328         254.923
