TPAR
20160101.000000         1.72163         6.83821         308.143
20160101.060000         1.77631         6.50719         312.341
20160101.120000         1.55393         6.07778         311.748
20160101.180000          1.1819         5.60413         306.115
20160102.000000         0.95458         5.18186         298.727
20160102.060000        0.742487         5.02602         293.187
20160102.120000        0.644704         4.94715         280.487
20160102.180000        0.793733         4.80852         292.965
20160103.000000        0.820407         5.16246         289.638
20160103.060000        0.727364         5.60914         249.878
20160103.120000         0.70069         5.18501         228.904
20160103.180000         1.40728         4.63488         207.499
20160104.000000         2.20684         6.05395         224.341
20160104.060000         2.74176         7.47297         235.017
20160104.120000         2.19095         7.30781         236.983
20160104.180000         1.95969         6.69186         237.016
20160105.000000          1.7908           6.311         232.437
