TPAR
20160101.000000         2.26987         7.70311         296.696
20160101.060000          2.1593         7.24406         303.202
20160101.120000         1.86147         6.72853         305.722
20160101.180000         1.40664          6.2705         303.877
20160102.000000         1.13876         5.77052         298.886
20160102.060000        0.893419         5.57034         294.178
20160102.120000        0.849986         5.33461         273.388
20160102.180000         1.01584         5.36099          279.14
20160103.000000        0.988832         5.63174           271.9
20160103.060000        0.850553         5.97076         259.736
20160103.120000        0.780779          5.6125         255.297
20160103.180000          1.5992         4.92028          218.84
20160104.000000           2.314         6.34575         233.302
20160104.060000         2.92631         7.65482         244.063
20160104.120000          2.4846         7.46556         247.399
20160104.180000         2.19799         7.01244         246.029
20160105.000000         1.93592         6.73897         242.784
