TPAR
20160101.000000         1.70707         6.89071         307.309
20160101.060000         1.75758         6.54007         311.633
20160101.120000         1.55557          6.0976         311.347
20160101.180000         1.18917         5.63861         305.977
20160102.000000        0.954947          5.2302         298.771
20160102.060000        0.747896         5.05017         293.217
20160102.120000        0.641899         4.96425         281.542
20160102.180000         0.76836         4.83378         288.388
20160103.000000         0.80525          5.1614         286.313
20160103.060000        0.721255         5.60856         250.067
20160103.120000        0.702092         5.15932         229.887
20160103.180000         1.39028         4.61538         206.782
20160104.000000         2.19909         6.02118         223.084
20160104.060000          2.7709         7.47057         234.419
20160104.120000         2.20697         7.31511         236.791
20160104.180000         1.97698         6.70225         236.846
20160105.000000         1.80772         6.31335         232.168
