TPAR
20160101.000000         1.69251         6.94326         306.477
20160101.060000         1.73885         6.57295         310.924
20160101.120000         1.55724         6.11743         310.949
20160101.180000         1.19648          5.6731          305.84
20160102.000000        0.955314         5.27854         298.815
20160102.060000        0.753304         5.07431         293.248
20160102.120000        0.639095         4.98142         282.593
20160102.180000        0.742988          4.8591         283.938
20160103.000000        0.790094         5.16028         283.137
20160103.060000        0.715179         5.60797         250.256
20160103.120000        0.703494         5.13358         230.817
20160103.180000         1.37326         4.59587         206.069
20160104.000000         2.19138         5.98835         221.832
20160104.060000         2.80005         7.46818         233.823
20160104.120000           2.223         7.32241         236.599
20160104.180000         1.99428         6.71259         236.676
20160105.000000         1.82465         6.31569         231.899
