TPAR
20160101.000000         2.38221         7.79131         296.594
20160101.060000         2.23358         7.35956         302.853
20160101.120000         1.91289         6.83629         305.426
20160101.180000         1.44887         6.37778         303.973
20160102.000000         1.16657         5.88788         299.504
20160102.060000        0.918825         5.65141         294.955
20160102.120000         0.89599         5.34852         271.497
20160102.180000         1.04692         5.47387         274.739
20160103.000000         1.00686         5.71072          269.91
20160103.060000        0.862939         5.99336         260.661
20160103.120000        0.782916         5.66681         257.457
20160103.180000         1.56432         4.90691         220.168
20160104.000000         2.26162         6.32422         234.455
20160104.060000         2.88792         7.64246         245.257
20160104.120000         2.47365         7.46977          248.56
20160104.180000         2.18921         7.02294         247.097
20160105.000000         1.91152         6.78204         244.631
